2222222111111111111110000000000000000000000000000011111112222222
2222222111111111111000000000000000000000000000000000111112222222
2222222111111111100000000000000000000000000000000000001112222222
2222222111111111000001111111111111111111111111111100000112222222
2222222111111111000111111111111111111111111111111111000112222222
2222222111111110001111111111111111111111111111111111100012222222
2222222111111110011111111111111111111111111111111111100012222222
2222222111111100011111111111111111111111111111111111110002222222
2222222111111100011111110000011110000000011000000011110002222222
2222222111111100011111100000001110000000011000000111110002222222
2222222111111100011111000000000110011111111111111111110002222222
2222222111111100011111000111100110011111111111111111110002222222
2222222111111100011111001111100010011111111100001111110002222222
2222222111111100011111001001100010011111111000000111110002222222
2222222111111100011111000001100110000000011001100111110002222222
2222222111111100011111000000000110000000011011110011110002222222
2222222111111100011111000001001111111111111011110011110002222222
2222222111111100011111111111011110000000011000100111110002222222
2222222111111100011111111110000110000000011000100111110002222222
2222222111111100011111111101000111110011111110011111110002222222
2222222111111100011111011001100011100000111000000111110002222222
2222222111111100011111100001100010000000011001100111110002222222
2222222111111100011111111101000110011110011011110011110002222222
2222222111111100011111111111111111111111111011110011110002222222
2222222111111100011111000000000110000000011001100111110002222222
2222222111111100011111000000000110000000011000000111110002222222
2222222111111100011111000000000110010010011110011111110002222222
2222222111111100011111111001100110010010011000000111110002222222
2222222011111100011111111001100110011110011000000011110002222222
2222222001111100011111100000000110011110011001110011110002222222
2222222100111100011111000000000111111111111001110011110002222222
2222222100011100011111000110001111111111111001100111110002222222
2222222100001100011111111111111110011111111000000111110002222222
2222222100001100011111000000000110000011111110001111110002222222
2222222100000100011110000000000111000000011000000011110002222222
2222222110000000011110000111111111100000011000000011110002222222
2222222110000000011110000111111111100000011010010011110002222222
2222222110001000111110000111111111000000011000010011110002222222
2222222111000111111110000111111110000011111001110011110002222222
2222222111100011111111000111111110011111111011110111110002222222
2222222111100011111111111111111111111111111111111111110002222222
2222222111110001111111111111111111111111111111111111100012222222
2222222111111000111111111111111111111111111111111111100012222222
2222222111111100011111111111111111111111111111111111000112222222
2222222111111110000111111111111111111111111111111110000112222222
2222222111111111000000000000000000000000000000000000001112222222
2222222111111111100000000000000000000000000000000000111112222222
2222222111111111111100000000000000000000000000000011111112222222
