0000000000000000000000000000000000000000000000000000000000000000
0000000000000000000000000000000000000000000000000000000000000000
0000000000000000000000000000000000000000000000000000000000000000
0000000000000111011100000000000000000000000000000000000000000000
0000000000000111011100000000000000000000000000000000000000000000
0000000000000111011100000000000000000000000000000000000000000000
0000000000000111000000000000000000000000000000000000000000000000
0000000000011111000000001100000001100000000011000000110000000000
0000000001111111011100111111001111111000011111110111111100000000
0000000011111111011100111111001111111101111111110111111110000000
0000000111000111011100000011001110011101110011101110001110000000
0000000111000111011100011111001110011101100011101110001110000000
0000000111000111011100111111001110011101100011101110001110000000
0000000111000111011101110011001110011101110011101110001110000000
0000000011111111011101110011001110011101111111100111111110000000
0000000011111111011100111111001110011100111111100111111100000000
0000000000000000011100000000000000000000000011100000110000000000
0000000000000000011100000000000000000000000011100000000000000000
0000000000000001111000000000000000000001100111000000000000000000
0000000000000000110000000000000000001001111111000000000000000000
0000000000000000000000000000000000001001111100000000000000000000
0000000000000000000000000000000000001000000000000000000000000000
0000000000000000000000000010000000001000000000000000000000000000
0000000000000000000000000000000000001100000000000000000000000000
0000000000000000000000000000000001101100000000000000000000000000
0000000000000000000011110010110011101100001111100000000000000000
0000000000000000000110010010110110000100011000000000000000000000
0000000000000000000100010010011100000100010000000000000000000000
0000000000000000001000010010011000000100011000000000000000000000
0000000000000000001000010010011000000100001100000000000000000000
0000000000000000001000110010010000000100000111000000000000000000
0000000000000000001000110010010000000101000001110000000000000000
0000000000000000001001001010010000000101100000010000000000000000
0000000000000000001001001010010000000100011000011000000000000000
0000000000000000001110001010010000000100000111111000000000000000
0000000000000000001100001000000000000000000000000000000000000000
0000000000000000000000001000000000000000000000000000000000000000
0000000000000000000000001000000000000000000000000000000000000000
0000000000000000000000001000000000000000000000000000000000000000
0000000000000000000000001000000000000000000000000000000000000000
0000000000000000000000010000000000000000000000000000000000000000
0000000000000000000000010000000000000000000000000000000000000000
0000000000000000011000100000000000000000000000000000000000000000
0000000000000000001111000000000000000000000000000000000000000000
0000000000000000000000000000000000000000000000000000000000000000
0000000000000000000000000000000000000000000000000000000000000000
0000000000000000000000000000000000000000000000000000000000000000
0000000000000000000000000000000000000000000000000000000000000000
