0000000000000000000000000000000000000000000000000000000000000000
0000000000000000000000000000000000000000000000000000000000000000
0000000000000000000000000000000000000000000000000000000000000000
0000000000000000000000002000000000000000000000000000000000000000
0000000000000000000000021100000000000000000000000000000000000000
0000000000000000000000211100000000000000000000000000000000000000
0000000000000000000002111200000000000000000000000000000000000000
0000000000000000000021111120000000000000000000000000000000000000
0000000000000000000021111120000000000000000000000000000000000000
0000000000000000000011111100000000000000000000000000000000000000
0000000000000000000211111200000000000000000000000000000000000000
0000000000000000000111111100000000000000000000000000000000000000
0000000000000000022111111100000000000000000000000000000000000000
0000000000000222111111111120000000000000000000000000000000000000
0000000212001111111111111112000000000000000000220000000000000000
0000000211211111111111111112000000000000000002120000000000000000
0000020011111111111111111111000000000000000021200000000000000000
0000021221111111111111111111000000000000000211000000000000000000
0000002121111111111111111111200002200000022111000000000000000000
0000002111111111111111111111120011110221111111000000000000000000
0000002111111111111111111111112211122111111112000000000000000000
0000000211111111111111111111112111121111111110000000000000000000
0000000211111111111111111111111111221111111100000200220002200000
0000000211111111111111111111111111211111112222201121122111100000
0000000111111111111111111111111111111111111121111111111111200000
0000001111111111111111111111111111111111111111111111111112000000
0000021111111111111111111111111111111111111111111111111120000000
0000011111111111111111111111111111111111111111111111111200000000
0000211111111111111111111111111111111111111111111111120000000000
0000111111111111111111111111111111111111111111111112000000000000
0000111111111111111111111111111111111111111111111200000000000000
0000211111111111111111111111111111111111111112220000000000000000
0000211111111111111112221111111111111111220000000000000000000000
0000011111111111111100002111111111111111111200000000000000000000
0000021111111111112000001111111111111111111120000000000000000000
0000002111111111120000011111111220021111111120000000000000000000
0000000211111120000002111111112000000111111100000000000000000000
0000000000222000000021111111110000000011111200000000000000000000
0000000000000000000211111111110000000002200000000000000000000000
0000000000000000002111111111120000000000000000000000000000000000
0000000000000000002111111111100000000000000000000000000000000000
0000000000000000000111111111100000000000000000000000000000000000
0000000000000000000011111111200000000000000000000000000000000000
0000000000000000000021111111000000000000000000000000000000000000
0000000000000000000000111112000000000000000000000000000000000000
0000000000000000000000021112000000000000000000000000000000000000
0000000000000000000000000000000000000000000000000000000000000000
0000000000000000000000000000000000000000000000000000000000000000
